-2.501639 0.003518641 0.003926888 1.6613342
-0.8403048 0.003518641 0.003926888 1.6613342
0.82102937 0.003518641 0.003926888 1.6613342
2.4823635 0.003518641 0.003926888 1.6613342
-2.9169724 -0.41181487 -0.41140667 0.8306671
-2.0863054 -0.41181487 -0.41140667 0.8306671
-2.0863054 0.41885215 -0.41140667 0.8306671
-2.9169724 0.41885215 -0.41140667 0.8306671
-2.9169724 0.41885215 0.4192604 0.8306671
-2.9169724 -0.41181487 0.4192604 0.8306671
-2.0863054 -0.41181487 0.4192604 0.8306671
-2.0863054 0.41885215 0.4192604 0.8306671
-2.2939723 0.21118528 0.21159366 0.41533354
-1.8786387 0.21118528 0.21159366 0.41533354
-1.8786387 0.6265188 0.21159366 0.41533354
-2.2939723 0.6265188 0.21159366 0.41533354
-2.2939723 0.6265188 0.62692726 0.41533354
-2.2939723 0.21118528 0.62692726 0.41533354
-1.8786387 0.21118528 0.62692726 0.41533354
-1.8786387 0.6265188 0.62692726 0.41533354
-1.9824722 0.52268535 0.5230939 0.20766677
-1.7748054 0.52268535 0.5230939 0.20766677
-1.7748054 0.7303521 0.5230939 0.20766677
-1.9824722 0.7303521 0.5230939 0.20766677
-1.9824722 0.7303521 0.73076063 0.20766677
-1.9824722 0.52268535 0.73076063 0.20766677
-1.7748054 0.52268535 0.73076063 0.20766677
-1.7748054 0.7303521 0.73076063 0.20766677
-3.1246393 -0.61948174 0.21159366 0.41533354
-2.7093058 -0.61948174 0.21159366 0.41533354
-2.7093058 -0.20414823 0.21159366 0.41533354
-3.1246393 -0.20414823 0.21159366 0.41533354
-3.1246393 -0.20414823 0.62692726 0.41533354
-3.1246393 -0.61948174 0.62692726 0.41533354
-2.7093058 -0.61948174 0.62692726 0.41533354
-2.7093058 -0.20414823 0.62692726 0.41533354
-2.8131392 -0.30798167 0.5230939 0.20766677
-2.6054723 -0.30798167 0.5230939 0.20766677
-2.6054723 -0.100314796 0.5230939 0.20766677
-2.8131392 -0.100314796 0.5230939 0.20766677
-2.8131392 -0.100314796 0.73076063 0.20766677
-2.8131392 -0.30798167 0.73076063 0.20766677
-2.6054723 -0.30798167 0.73076063 0.20766677
-2.6054723 -0.100314796 0.73076063 0.20766677
-2.2939723 -0.61948174 -0.6190734 0.41533354
-1.8786387 -0.61948174 -0.6190734 0.41533354
-1.8786387 -0.20414823 -0.6190734 0.41533354
-2.2939723 -0.20414823 -0.6190734 0.41533354
-2.2939723 -0.20414823 -0.2037399 0.41533354
-2.2939723 -0.61948174 -0.2037399 0.41533354
-1.8786387 -0.61948174 -0.2037399 0.41533354
-1.8786387 -0.20414823 -0.2037399 0.41533354
-1.9824722 -0.30798167 -0.3075733 0.20766677
-1.7748054 -0.30798167 -0.3075733 0.20766677
-1.7748054 -0.100314796 -0.3075733 0.20766677
-1.9824722 -0.100314796 -0.3075733 0.20766677
-1.9824722 -0.100314796 -0.099906504 0.20766677
-1.9824722 -0.30798167 -0.099906504 0.20766677
-1.7748054 -0.30798167 -0.099906504 0.20766677
-1.7748054 -0.100314796 -0.099906504 0.20766677
-2.3978057 -0.7233152 -0.3075733 0.20766677
-2.1901388 -0.7233152 -0.3075733 0.20766677
-2.1901388 -0.5156483 -0.3075733 0.20766677
-2.3978057 -0.5156483 -0.3075733 0.20766677
-2.3978057 -0.5156483 -0.099906504 0.20766677
-2.3978057 -0.7233152 -0.099906504 0.20766677
-2.1901388 -0.7233152 -0.099906504 0.20766677
-2.1901388 -0.5156483 -0.099906504 0.20766677
-3.1246393 0.21118528 -0.6190734 0.41533354
-2.7093058 0.21118528 -0.6190734 0.41533354
-2.7093058 0.6265188 -0.6190734 0.41533354
-3.1246393 0.6265188 -0.6190734 0.41533354
-3.1246393 0.6265188 -0.2037399 0.41533354
-3.1246393 0.21118528 -0.2037399 0.41533354
-2.7093058 0.21118528 -0.2037399 0.41533354
-2.7093058 0.6265188 -0.2037399 0.41533354
-1.2556382 -0.41181487 -0.41140667 0.8306671
-0.42497122 -0.41181487 -0.41140667 0.8306671
-0.42497122 0.41885215 -0.41140667 0.8306671
-1.2556382 0.41885215 -0.41140667 0.8306671
-1.2556382 0.41885215 0.4192604 0.8306671
-1.2556382 -0.41181487 0.4192604 0.8306671
-0.42497122 -0.41181487 0.4192604 0.8306671
-0.42497122 0.41885215 0.4192604 0.8306671
-0.632638 0.21118528 0.21159366 0.41533354
-0.21730442 0.21118528 0.21159366 0.41533354
-0.21730442 0.6265188 0.21159366 0.41533354
-0.632638 0.6265188 0.21159366 0.41533354
-0.632638 0.6265188 0.62692726 0.41533354
-0.632638 0.21118528 0.62692726 0.41533354
-0.21730442 0.21118528 0.62692726 0.41533354
-0.21730442 0.6265188 0.62692726 0.41533354
-0.32113782 0.52268535 0.5230939 0.20766677
-0.11347103 0.52268535 0.5230939 0.20766677
-0.11347103 0.7303521 0.5230939 0.20766677
-0.32113782 0.7303521 0.5230939 0.20766677
-0.32113782 0.7303521 0.73076063 0.20766677
-0.32113782 0.52268535 0.73076063 0.20766677
-0.11347103 0.52268535 0.73076063 0.20766677
-0.11347103 0.7303521 0.73076063 0.20766677
-1.463305 -0.61948174 0.21159366 0.41533354
1.9112799 0.78226876 -0.4633234 0.103833385
1.9112799 0.6784354 -0.4633234 0.103833385
2.0151134 0.6784354 -0.4633234 0.103833385
2.0151134 0.78226876 -0.4633234 0.103833385
1.9112799 0.6784354 -0.7748235 0.103833385
2.0151134 0.6784354 -0.7748235 0.103833385
2.0151134 0.78226876 -0.7748235 0.103833385
1.9112799 0.78226876 -0.7748235 0.103833385
1.9112799 0.78226876 -0.6709901 0.103833385
1.9112799 0.6784354 -0.6709901 0.103833385
-1.0479715 -0.61948174 0.21159366 0.41533354
2.0151134 0.6784354 -0.6709901 0.103833385
2.0151134 0.78226876 -0.6709901 0.103833385
2.1708634 0.5226854 -0.72290677 0.20766677
2.3785303 0.5226854 -0.72290677 0.20766677
2.3785303 0.73035216 -0.72290677 0.20766677
2.1708634 0.73035216 -0.72290677 0.20766677
2.1708634 0.73035216 -0.51524 0.20766677
2.1708634 0.5226854 -0.51524 0.20766677
2.3785303 0.5226854 -0.51524 0.20766677
2.3785303 0.73035216 -0.51524 0.20766677
-1.0479715 -0.20414823 0.21159366 0.41533354
2.1189468 0.47076872 -0.56715673 0.103833385
2.2227802 0.47076872 -0.56715673 0.103833385
2.2227802 0.5746021 -0.56715673 0.103833385
2.1189468 0.5746021 -0.56715673 0.103833385
2.1189468 0.5746021 -0.46332335 0.103833385
2.1189468 0.47076875 -0.46332335 0.103833385
2.2227802 0.47076875 -0.46332335 0.103833385
2.2227802 0.5746021 -0.46332335 0.103833385
0.9248628 0.5226854 -0.72290677 0.20766677
1.1325296 0.5226854 -0.72290677 0.20766677
-1.463305 -0.20414823 0.21159366 0.41533354
1.1325296 0.73035216 -0.72290677 0.20766677
0.92486286 0.73035216 -0.72290677 0.20766677
0.92486286 0.73035216 -0.51524 0.20766677
0.92486286 0.5226854 -0.51524 0.20766677
1.1325296 0.5226854 -0.51524 0.20766677
1.1325296 0.73035216 -0.51524 0.20766677
0.5095292 0.5226854 -0.72290677 0.20766677
0.7171959 0.5226854 -0.72290677 0.20766677
0.7171959 0.73035216 -0.72290677 0.20766677
0.5095292 0.73035216 -0.72290677 0.20766677
-1.463305 -0.20414823 0.62692726 0.41533354
0.5095292 0.73035216 -0.51524 0.20766677
0.5095292 0.5226854 -0.51524 0.20766677
0.7171959 0.5226854 -0.51524 0.20766677
0.7171959 0.73035216 -0.51524 0.20766677
0.6652792 0.67843544 -0.7748235 0.103833385
0.7691126 0.67843544 -0.7748235 0.103833385
0.7691126 0.7822688 -0.7748235 0.103833385
0.6652792 0.7822688 -0.7748235 0.103833385
0.6652792 0.7822688 -0.6709901 0.103833385
0.6652792 0.67843544 -0.6709901 0.103833385
-1.463305 -0.61948174 0.62692726 0.41533354
0.7691126 0.67843544 -0.6709901 0.103833385
0.7691126 0.7822688 -0.6709901 0.103833385
0.2499457 0.6784354 -0.7748235 0.103833385
0.35377908 0.6784354 -0.7748235 0.103833385
0.35377908 0.78226876 -0.7748235 0.103833385
0.2499457 0.78226876 -0.7748235 0.103833385
0.2499457 0.78226876 -0.6709901 0.103833385
0.2499457 0.6784354 -0.6709901 0.103833385
0.35377908 0.6784354 -0.6709901 0.103833385
0.35377908 0.78226876 -0.6709901 0.103833385
-1.0479715 -0.61948174 0.62692726 0.41533354
-0.7883881 0.26310202 -0.35948998 0.103833385
-0.6845547 0.26310202 -0.35948998 0.103833385
-0.6845547 0.3669354 -0.35948998 0.103833385
-0.7883881 0.3669354 -0.35948998 0.103833385
-0.7883881 0.3669354 -0.2556566 0.103833385
-0.7883881 0.26310202 -0.2556566 0.103833385
-0.6845547 0.26310202 -0.2556566 0.103833385
-0.6845547 0.3669354 -0.2556566 0.103833385
0.87294614 0.67843556 0.055843566 0.103833385
0.9767795 0.67843556 0.055843566 0.103833385
-1.0479715 -0.20414823 0.62692726 0.41533354
0.9767795 0.78226894 0.055843566 0.103833385
0.87294614 0.78226894 0.055843566 0.103833385
0.87294614 0.78226894 0.15967695 0.103833385
0.87294614 0.67843556 0.15967695 0.103833385
0.9767795 0.67843556 0.15967695 0.103833385
0.9767795 0.78226894 0.15967695 0.103833385
-1.4113884 0.26310202 -0.1518232 0.103833385
-1.307555 0.26310202 -0.1518232 0.103833385
-1.307555 0.3669354 -0.1518232 0.103833385
-1.4113884 0.3669354 -0.1518232 0.103833385
-1.5671384 -0.7233152 0.5230939 0.20766677
-1.4113884 0.3669354 -0.047989808 0.103833385
-1.4113884 0.26310202 -0.047989808 0.103833385
-1.307555 0.26310202 -0.047989808 0.103833385
-1.307555 0.3669354 -0.047989808 0.103833385
-1.3335133 0.34097704 -0.07394815 0.051916692
-1.2815965 0.34097704 -0.07394815 0.051916692
-1.2815965 0.39289373 -0.07394815 0.051916692
-1.3335133 0.39289373 -0.07394815 0.051916692
-1.3335133 0.39289373 -0.02203146 0.051916692
-1.3335133 0.34097704 -0.02203146 0.051916692
-1.3594717 -0.7233152 0.5230939 0.20766677
-1.2815965 0.34097704 -0.02203146 0.051916692
-1.2815965 0.39289373 -0.02203146 0.051916692
-1.4373467 0.34097704 -0.17778154 0.051916692
-1.38543 0.34097704 -0.17778154 0.051916692
-1.38543 0.39289373 -0.17778154 0.051916692
-1.4373467 0.39289373 -0.17778154 0.051916692
-1.4373467 0.39289373 -0.12586485 0.051916692
-1.4373467 0.34097704 -0.12586485 0.051916692
-1.38543 0.34097704 -0.12586485 0.051916692
-1.38543 0.39289373 -0.12586485 0.051916692
-1.3594717 -0.5156483 0.5230939 0.20766677
-0.6196588 0.6394979 -0.45034426 0.025958346
-0.59370047 0.6394979 -0.45034426 0.025958346
-0.59370047 0.66545624 -0.45034426 0.025958346
-0.6196588 0.66545624 -0.45034426 0.025958346
-0.6196588 0.66545624 -0.4243859 0.025958346
-0.6196588 0.6394979 -0.4243859 0.025958346
-0.59370047 0.6394979 -0.4243859 0.025958346
-0.59370047 0.66545624 -0.4243859 0.025958346
-0.6715755 0.5875813 -0.45034426 0.025958346
-0.6456171 0.5875813 -0.45034426 0.025958346
-1.5671384 -0.5156483 0.5230939 0.20766677
-0.6456171 0.61353964 -0.45034426 0.025958346
-0.6715755 0.61353964 -0.45034426 0.025958346
-0.6715755 0.61353964 -0.4243859 0.025958346
-0.6715755 0.5875813 -0.4243859 0.025958346
-0.6456171 0.5875813 -0.4243859 0.025958346
-0.6456171 0.61353964 -0.4243859 0.025958346
-2.3718472 -0.28202328 -0.5931151 0.051916692
-2.3199306 -0.28202328 -0.5931151 0.051916692
-2.3199306 -0.23010659 -0.5931151 0.051916692
-2.3718472 -0.23010659 -0.5931151 0.051916692
-1.5671384 -0.5156483 0.73076063 0.20766677
-2.3718472 -0.23010659 -0.5411984 0.051916692
-2.3718472 -0.28202328 -0.5411984 0.051916692
-2.3199306 -0.28202328 -0.5411984 0.051916692
-2.3199306 -0.23010659 -0.5411984 0.051916692
-2.3848264 -0.29500246 -0.5541775 0.025958346
-2.3588681 -0.29500246 -0.5541775 0.025958346
-2.3588681 -0.2690441 -0.5541775 0.025958346
-2.3848264 -0.2690441 -0.5541775 0.025958346
-2.3848264 -0.2690441 -0.52821916 0.025958346
-2.3848264 -0.29500246 -0.52821916 0.025958346
-1.5671384 -0.7233152 0.73076063 0.20766677
-2.3588681 -0.29500246 -0.52821916 0.025958346
-2.3588681 -0.2690441 -0.52821916 0.025958346
-1.748847 -0.074356444 -0.38544834 0.051916692
-1.6969303 -0.074356444 -0.38544834 0.051916692
-1.6969303 -0.022439752 -0.38544834 0.051916692
-1.748847 -0.022439752 -0.38544834 0.051916692
-1.748847 -0.022439752 -0.33353165 0.051916692
-1.748847 -0.074356444 -0.33353165 0.051916692
-1.6969303 -0.074356444 -0.33353165 0.051916692
-1.6969303 -0.022439752 -0.33353165 0.051916692
-1.3594717 -0.7233152 0.73076063 0.20766677
-1.748847 -0.07435649 -0.4892817 0.051916692
-1.6969303 -0.07435649 -0.4892817 0.051916692
-1.6969303 -0.022439796 -0.4892817 0.051916692
-1.748847 -0.022439796 -0.4892817 0.051916692
-1.748847 -0.022439796 -0.43736503 0.051916692
-1.748847 -0.07435649 -0.43736503 0.051916692
-1.6969303 -0.07435649 -0.43736503 0.051916692
-1.6969303 -0.022439796 -0.43736503 0.051916692
-1.6060759 0.1722478 -0.13884403 0.025958346
-1.5801176 0.1722478 -0.13884403 0.025958346
-1.3594717 -0.5156483 0.73076063 0.20766677
-1.5801176 0.19820614 -0.13884403 0.025958346
-1.6060759 0.19820614 -0.13884403 0.025958346
-1.6060759 0.19820614 -0.112885684 0.025958346
-1.6060759 0.1722478 -0.112885684 0.025958346
-1.5801176 0.1722478 -0.112885684 0.025958346
-1.5801176 0.19820614 -0.112885684 0.025958346
-0.81434643 0.44481033 -0.48928177 0.051916692
-0.7624297 0.44481033 -0.48928177 0.051916692
-0.7624297 0.49672702 -0.48928177 0.051916692
-0.81434643 0.49672702 -0.48928177 0.051916692
-1.5671384 -0.30798167 0.10776028 0.20766677
-0.81434643 0.49672702 -0.43736508 0.051916692
-0.81434643 0.44481033 -0.43736508 0.051916692
-0.7624297 0.44481033 -0.43736508 0.051916692
-0.7624297 0.49672702 -0.43736508 0.051916692
-0.8273256 0.48374784 -0.5022609 0.025958346
-0.8013672 0.48374784 -0.5022609 0.025958346
-0.8013672 0.5097062 -0.5022609 0.025958346
-0.8273256 0.5097062 -0.5022609 0.025958346
-0.8273256 0.5097062 -0.47630256 0.025958346
-0.8273256 0.48374784 -0.47630256 0.025958346
-1.3594717 -0.30798167 0.10776028 0.20766677
-0.8013672 0.48374784 -0.47630256 0.025958346
-0.8013672 0.5097062 -0.47630256 0.025958346
-1.0220132 0.6524771 -0.28161496 0.051916692
-0.97009647 0.6524771 -0.28161496 0.051916692
-0.97009647 0.7043938 -0.28161496 0.051916692
-1.0220132 0.7043938 -0.28161496 0.051916692
-1.0220132 0.7043938 -0.22969827 0.051916692
-1.0220132 0.6524771 -0.22969827 0.051916692
-0.97009647 0.6524771 -0.22969827 0.051916692
-0.97009647 0.7043938 -0.22969827 0.051916692
-1.3594717 -0.100314796 0.10776028 0.20766677
-1.1258465 0.75631046 -0.38544834 0.051916692
-1.0739298 0.75631046 -0.38544834 0.051916692
-1.0739298 0.8082272 -0.38544834 0.051916692
-1.1258465 0.8082272 -0.38544834 0.051916692
-1.1258465 0.8082272 -0.33353165 0.051916692
-1.1258465 0.75631046 -0.33353165 0.051916692
-1.0739298 0.75631046 -0.33353165 0.051916692
-1.0739298 0.8082272 -0.33353165 0.051916692
-1.4373467 -0.17818983 0.13371862 0.051916692
-1.38543 -0.17818983 0.13371862 0.051916692
-1.5671384 -0.100314796 0.10776028 0.20766677
-1.38543 -0.12627314 0.13371862 0.051916692
-1.4373467 -0.12627314 0.13371862 0.051916692
-1.4373467 -0.12627314 0.18563531 0.051916692
-1.4373467 -0.17818983 0.18563531 0.051916692
-1.38543 -0.17818983 0.18563531 0.051916692
-1.38543 -0.12627314 0.18563531 0.051916692
0.8469878 0.6524772 0.13371861 0.051916692
0.8989045 0.6524772 0.13371861 0.051916692
0.8989045 0.7043939 0.13371861 0.051916692
0.8469878 0.7043939 0.13371861 0.051916692
-1.5671384 -0.100314796 0.31542704 0.20766677
0.8469878 0.7043939 0.1856353 0.051916692
0.8469878 0.6524772 0.1856353 0.051916692
0.8989045 0.6524772 0.1856353 0.051916692
0.8989045 0.7043939 0.1856353 0.051916692
-1.2037216 0.47076872 -0.15182321 0.103833385
-1.0998882 0.47076872 -0.15182321 0.103833385
-1.0998882 0.5746021 -0.15182321 0.103833385
-1.2037216 0.5746021 -0.15182321 0.103833385
-1.2037216 0.5746021 -0.047989823 0.103833385
-1.2037216 0.47076875 -0.047989823 0.103833385
-1.5671384 -0.30798167 0.31542704 0.20766677
-1.0998882 0.47076875 -0.047989823 0.103833385
-1.0998882 0.5746021 -0.047989823 0.103833385
-1.22968 0.4448104 -0.07394817 0.051916692
-1.1777632 0.4448104 -0.07394817 0.051916692
-1.1777632 0.49672708 -0.07394817 0.051916692
-1.22968 0.49672708 -0.07394817 0.051916692
-1.22968 0.49672708 -0.022031475 0.051916692
-1.22968 0.4448104 -0.022031475 0.051916692
-1.1777632 0.4448104 -0.022031475 0.051916692
-1.1777632 0.49672708 -0.022031475 0.051916692
-1.3594717 -0.30798167 0.31542704 0.20766677
-1.6060759 0.2760812 -0.24267745 0.025958346
-1.5801176 0.2760812 -0.24267745 0.025958346
-1.5801176 0.30203956 -0.24267745 0.025958346
-1.6060759 0.30203956 -0.24267745 0.025958346
-1.6060759 0.30203956 -0.2167191 0.025958346
-1.6060759 0.2760812 -0.2167191 0.025958346
-1.5801176 0.2760812 -0.2167191 0.025958346
-1.5801176 0.30203956 -0.2167191 0.025958346
-2.592493 0.7433313 -0.34651083 0.025958346
-2.5665348 0.7433313 -0.34651083 0.025958346
-1.3594717 -0.100314796 0.31542704 0.20766677
-2.5665348 0.7692897 -0.34651083 0.025958346
-2.592493 0.7692897 -0.34651083 0.025958346
-2.592493 0.7692897 -0.32055247 0.025958346
-2.592493 0.7433313 -0.32055247 0.025958346
-2.5665348 0.7433313 -0.32055247 0.025958346
-2.5665348 0.7692897 -0.32055247 0.025958346
-1.5866072 0.19171655 -0.1972503 0.012979173
-1.5736281 0.19171655 -0.1972503 0.012979173
-1.5736281 0.20469573 -0.1972503 0.012979173
-1.5866072 0.20469573 -0.1972503 0.012979173
-1.463305 0.21118528 -0.6190734 0.41533354
-1.5866072 0.20469573 -0.18427113 0.012979173
-1.5866072 0.19171655 -0.18427113 0.012979173
-1.5736281 0.19171655 -0.18427113 0.012979173
-1.5736281 0.20469573 -0.18427113 0.012979173
-1.0479715 0.21118528 -0.6190734 0.41533354
-1.0479715 0.6265188 -0.6190734 0.41533354
-1.463305 0.6265188 -0.6190734 0.41533354
-1.463305 0.6265188 -0.2037399 0.41533354
-1.463305 0.21118528 -0.2037399 0.41533354
-1.0479715 0.21118528 -0.2037399 0.41533354
-1.0479715 0.6265188 -0.2037399 0.41533354
-1.5671384 0.10735184 -0.3075733 0.20766677
-1.3594717 0.10735184 -0.3075733 0.20766677
-1.3594717 0.3150187 -0.3075733 0.20766677
-1.5671384 0.3150187 -0.3075733 0.20766677
-1.5671384 0.3150187 -0.099906504 0.20766677
-1.5671384 0.10735184 -0.099906504 0.20766677
-1.3594717 0.10735184 -0.099906504 0.20766677
-1.3594717 0.3150187 -0.099906504 0.20766677
-1.6190552 0.05543524 -0.1518232 0.103833385
-1.5152217 0.05543524 -0.1518232 0.103833385
-1.5152217 0.15926868 -0.1518232 0.103833385
-1.6190552 0.15926868 -0.1518232 0.103833385
-1.6190552 0.15926868 -0.047989808 0.103833385
-1.6190552 0.05543524 -0.047989808 0.103833385
-1.5152217 0.05543524 -0.047989808 0.103833385
-1.5152217 0.15926868 -0.047989808 0.103833385
-1.6450135 0.13331038 -0.17778154 0.051916692
-1.5930967 0.13331038 -0.17778154 0.051916692
-1.5930967 0.18522698 -0.17778154 0.051916692
-1.6450135 0.18522698 -0.17778154 0.051916692
-1.6450135 0.18522698 -0.12586485 0.051916692
-1.6450135 0.13331038 -0.12586485 0.051916692
-1.5930967 0.13331038 -0.12586485 0.051916692
-1.5930967 0.18522698 -0.12586485 0.051916692
-1.5671384 0.52268535 -0.72290677 0.20766677
-1.3594717 0.52268535 -0.72290677 0.20766677
-1.3594717 0.7303521 -0.72290677 0.20766677
-1.5671384 0.7303521 -0.72290677 0.20766677
-1.5671384 0.7303521 -0.5152401 0.20766677
-1.5671384 0.52268535 -0.5152401 0.20766677
-1.3594717 0.52268535 -0.5152401 0.20766677
-1.3594717 0.7303521 -0.5152401 0.20766677
-0.632638 0.21118528 -0.6190734 0.41533354
-0.21730442 0.21118528 -0.6190734 0.41533354
-0.21730442 0.6265188 -0.6190734 0.41533354
-0.632638 0.6265188 -0.6190734 0.41533354
-0.632638 0.6265188 -0.2037399 0.41533354
-0.632638 0.21118528 -0.2037399 0.41533354
-0.21730442 0.21118528 -0.2037399 0.41533354
-0.21730442 0.6265188 -0.2037399 0.41533354
-0.73647135 0.10735184 -0.3075733 0.20766677
-0.5288046 0.10735184 -0.3075733 0.20766677
-0.5288046 0.3150187 -0.3075733 0.20766677
-0.73647135 0.3150187 -0.3075733 0.20766677
-0.73647135 0.3150187 -0.099906504 0.20766677
-0.73647135 0.10735184 -0.099906504 0.20766677
-0.5288046 0.10735184 -0.099906504 0.20766677
-0.5288046 0.3150187 -0.099906504 0.20766677
-0.73647135 0.52268535 -0.72290677 0.20766677
-0.5288046 0.52268535 -0.72290677 0.20766677
-0.5288046 0.7303521 -0.72290677 0.20766677
-0.73647135 0.7303521 -0.72290677 0.20766677
-0.73647135 0.7303521 -0.5152401 0.20766677
-0.73647135 0.52268535 -0.5152401 0.20766677
-0.5288046 0.52268535 -0.5152401 0.20766677
-0.5288046 0.7303521 -0.5152401 0.20766677
-0.32113782 0.52268535 0.10776028 0.20766677
-0.11347103 0.52268535 0.10776028 0.20766677
-0.11347103 0.7303521 0.10776028 0.20766677
-0.32113782 0.7303521 0.10776028 0.20766677
-0.32113782 0.7303521 0.31542704 0.20766677
-0.32113782 0.52268535 0.31542704 0.20766677
-0.11347103 0.52268535 0.31542704 0.20766677
-0.11347103 0.7303521 0.31542704 0.20766677
-0.16538772 0.6784354 0.26351035 0.103833385
-0.06155434 0.6784354 0.26351035 0.103833385
-0.06155434 0.7822688 0.26351035 0.103833385
-0.16538772 0.7822688 0.26351035 0.103833385
-0.16538772 0.7822688 0.36734372 0.103833385
-0.16538772 0.6784354 0.36734372 0.103833385
-0.06155434 0.6784354 0.36734372 0.103833385
-0.06155434 0.7822688 0.36734372 0.103833385
0.40569583 -0.41181487 -0.41140667 0.8306671
1.2363629 -0.41181487 -0.41140667 0.8306671
1.2363629 0.41885215 -0.41140667 0.8306671
0.4056958 0.41885215 -0.41140667 0.8306671
0.4056958 0.41885215 0.4192604 0.8306671
0.4056958 -0.41181487 0.4192604 0.8306671
1.2363629 -0.41181487 0.4192604 0.8306671
1.2363629 0.41885215 0.4192604 0.8306671
0.19802904 0.21118528 -0.6190734 0.41533354
0.61336255 0.21118528 -0.6190734 0.41533354
0.61336255 0.6265188 -0.6190734 0.41533354
0.19802903 0.6265188 -0.6190734 0.41533354
0.19802903 0.6265188 -0.2037399 0.41533354
0.19802903 0.21118528 -0.2037399 0.41533354
0.61336255 0.21118528 -0.2037399 0.41533354
0.61336255 0.6265188 -0.2037399 0.41533354
0.5095292 0.52268535 -0.3075733 0.20766677
0.7171959 0.52268535 -0.3075733 0.20766677
0.7171959 0.7303521 -0.3075733 0.20766677
0.5095292 0.7303521 -0.3075733 0.20766677
0.5095292 0.7303521 -0.099906504 0.20766677
0.5095292 0.52268535 -0.099906504 0.20766677
0.7171959 0.52268535 -0.099906504 0.20766677
0.7171959 0.7303521 -0.099906504 0.20766677
0.6652792 0.6784354 -0.35948998 0.103833385
0.7691126 0.6784354 -0.35948998 0.103833385
0.7691126 0.7822688 -0.35948998 0.103833385
0.6652792 0.7822688 -0.35948998 0.103833385
0.6652792 0.7822688 -0.2556566 0.103833385
0.6652792 0.6784354 -0.2556566 0.103833385
0.7691126 0.6784354 -0.2556566 0.103833385
0.7691126 0.7822688 -0.2556566 0.103833385
0.09419564 0.10735184 -0.3075733 0.20766677
0.3018624 0.10735184 -0.3075733 0.20766677
0.3018624 0.3150187 -0.3075733 0.20766677
0.094195634 0.3150187 -0.3075733 0.20766677
0.094195634 0.3150187 -0.099906504 0.20766677
0.094195634 0.10735184 -0.099906504 0.20766677
0.3018624 0.10735184 -0.099906504 0.20766677
0.3018624 0.3150187 -0.099906504 0.20766677
0.09419564 0.52268535 -0.72290677 0.20766677
0.3018624 0.52268535 -0.72290677 0.20766677
0.3018624 0.7303521 -0.72290677 0.20766677
0.094195634 0.7303521 -0.72290677 0.20766677
0.094195634 0.7303521 -0.5152401 0.20766677
0.094195634 0.52268535 -0.5152401 0.20766677
0.3018624 0.52268535 -0.5152401 0.20766677
0.3018624 0.7303521 -0.5152401 0.20766677
0.24994572 0.6784354 -0.56715673 0.103833385
0.35377908 0.6784354 -0.56715673 0.103833385
0.35377908 0.7822688 -0.56715673 0.103833385
0.24994572 0.7822688 -0.56715673 0.103833385
0.24994572 0.7822688 -0.4633234 0.103833385
0.24994572 0.6784354 -0.4633234 0.103833385
0.35377908 0.6784354 -0.4633234 0.103833385
0.35377908 0.7822688 -0.4633234 0.103833385
1.0286962 0.21118528 -0.6190734 0.41533354
1.4440297 0.21118528 -0.6190734 0.41533354
1.4440297 0.6265188 -0.6190734 0.41533354
1.0286962 0.6265188 -0.6190734 0.41533354
1.0286962 0.6265188 -0.2037399 0.41533354
1.0286962 0.21118528 -0.2037399 0.41533354
1.4440297 0.21118528 -0.2037399 0.41533354
1.4440297 0.6265188 -0.2037399 0.41533354
1.3401963 0.52268535 -0.3075733 0.20766677
1.547863 0.52268535 -0.3075733 0.20766677
1.547863 0.7303521 -0.3075733 0.20766677
1.3401963 0.7303521 -0.3075733 0.20766677
1.3401963 0.7303521 -0.099906504 0.20766677
1.3401963 0.52268535 -0.099906504 0.20766677
1.547863 0.52268535 -0.099906504 0.20766677
1.547863 0.7303521 -0.099906504 0.20766677
1.2882795 0.6784354 -0.35948998 0.103833385
1.392113 0.6784354 -0.35948998 0.103833385
1.392113 0.7822688 -0.35948998 0.103833385
1.2882795 0.7822688 -0.35948998 0.103833385
1.2882795 0.7822688 -0.2556566 0.103833385
1.2882795 0.6784354 -0.2556566 0.103833385
1.392113 0.6784354 -0.2556566 0.103833385
1.392113 0.7822688 -0.2556566 0.103833385
1.2882795 0.47076875 -0.1518232 0.103833385
1.392113 0.47076875 -0.1518232 0.103833385
1.392113 0.5746022 -0.1518232 0.103833385
1.2882795 0.5746022 -0.1518232 0.103833385
1.2882795 0.5746022 -0.047989808 0.103833385
1.2882795 0.47076875 -0.047989808 0.103833385
1.392113 0.47076875 -0.047989808 0.103833385
1.392113 0.5746022 -0.047989808 0.103833385
0.92486274 0.10735184 -0.3075733 0.20766677
1.1325296 0.10735184 -0.3075733 0.20766677
1.1325296 0.3150187 -0.3075733 0.20766677
0.9248628 0.3150187 -0.3075733 0.20766677
0.9248628 0.3150187 -0.099906504 0.20766677
0.9248628 0.10735184 -0.099906504 0.20766677
1.1325296 0.10735184 -0.099906504 0.20766677
1.1325296 0.3150187 -0.099906504 0.20766677
1.0806129 0.2631021 -0.1518232 0.103833385
1.1844463 0.2631021 -0.1518232 0.103833385
1.1844463 0.36693555 -0.1518232 0.103833385
1.0806129 0.36693555 -0.1518232 0.103833385
1.0806129 0.36693555 -0.047989808 0.103833385
1.0806129 0.2631021 -0.047989808 0.103833385
1.1844463 0.2631021 -0.047989808 0.103833385
1.1844463 0.36693555 -0.047989808 0.103833385
2.06703 -0.41181487 -0.41140667 0.8306671
2.897697 -0.41181487 -0.41140667 0.8306671
2.897697 0.41885215 -0.41140667 0.8306671
2.06703 0.41885215 -0.41140667 0.8306671
2.06703 0.41885215 0.4192604 0.8306671
2.06703 -0.41181487 0.4192604 0.8306671
2.897697 -0.41181487 0.4192604 0.8306671
2.897697 0.41885215 0.4192604 0.8306671
1.8593632 -0.61948174 0.21159366 0.41533354
2.2746968 -0.61948174 0.21159366 0.41533354
2.2746968 -0.20414823 0.21159366 0.41533354
1.8593633 -0.20414823 0.21159366 0.41533354
1.8593633 -0.20414823 0.62692726 0.41533354
1.8593633 -0.61948174 0.62692726 0.41533354
2.2746968 -0.61948174 0.62692726 0.41533354
2.2746968 -0.20414823 0.62692726 0.41533354
1.7555299 -0.30798167 0.10776028 0.20766677
1.9631966 -0.30798167 0.10776028 0.20766677
1.9631966 -0.100314796 0.10776028 0.20766677
1.7555299 -0.100314796 0.10776028 0.20766677
1.7555299 -0.100314796 0.31542704 0.20766677
1.7555299 -0.30798167 0.31542704 0.20766677
1.9631966 -0.30798167 0.31542704 0.20766677
1.9631966 -0.100314796 0.31542704 0.20766677
1.8593632 0.21118528 -0.6190734 0.41533354
2.2746968 0.21118528 -0.6190734 0.41533354
2.2746968 0.6265188 -0.6190734 0.41533354
1.8593633 0.6265188 -0.6190734 0.41533354
1.8593633 0.6265188 -0.2037399 0.41533354
1.8593633 0.21118528 -0.2037399 0.41533354
2.2746968 0.21118528 -0.2037399 0.41533354
2.2746968 0.6265188 -0.2037399 0.41533354
1.7555299 0.10735184 -0.3075733 0.20766677
1.9631966 0.10735184 -0.3075733 0.20766677
1.9631966 0.3150187 -0.3075733 0.20766677
1.7555299 0.3150187 -0.3075733 0.20766677
1.7555299 0.3150187 -0.099906504 0.20766677
1.7555299 0.10735184 -0.099906504 0.20766677
1.9631966 0.10735184 -0.099906504 0.20766677
1.9631966 0.3150187 -0.099906504 0.20766677
1.7555299 0.52268535 -0.72290677 0.20766677
1.9631966 0.52268535 -0.72290677 0.20766677
1.9631966 0.7303521 -0.72290677 0.20766677
1.7555299 0.7303521 -0.72290677 0.20766677
1.7555299 0.7303521 -0.5152401 0.20766677
1.7555299 0.52268535 -0.5152401 0.20766677
1.9631966 0.52268535 -0.5152401 0.20766677
1.9631966 0.7303521 -0.5152401 0.20766677
1.7555299 -0.7233151 0.5230939 0.20766677
1.9631966 -0.7233151 0.5230939 0.20766677
1.9631966 -0.51564837 0.5230939 0.20766677
1.7555299 -0.51564837 0.5230939 0.20766677
1.7555299 -0.51564837 0.73076063 0.20766677
1.7555299 -0.7233151 0.73076063 0.20766677
1.9631966 -0.7233151 0.73076063 0.20766677
1.9631966 -0.51564837 0.73076063 0.20766677
1.9112799 -0.5675651 0.6788439 0.103833385
2.0151134 -0.5675651 0.6788439 0.103833385
2.0151134 -0.4637317 0.6788439 0.103833385
1.9112799 -0.4637317 0.6788439 0.103833385
1.9112799 -0.4637317 0.7826773 0.103833385
1.9112799 -0.5675651 0.7826773 0.103833385
2.0151134 -0.5675651 0.7826773 0.103833385
2.0151134 -0.4637317 0.7826773 0.103833385
1.989155 -0.48969007 0.75671893 0.051916692
2.0410717 -0.48969007 0.75671893 0.051916692
2.0410717 -0.43777335 0.75671893 0.051916692
1.989155 -0.43777335 0.75671893 0.051916692
1.989155 -0.43777335 0.80863565 0.051916692
1.989155 -0.48969007 0.80863565 0.051916692
2.0410717 -0.48969007 0.80863565 0.051916692
2.0410717 -0.43777335 0.80863565 0.051916692
0.22398737 0.75631046 -0.5931151 0.051916692
0.27590406 0.75631046 -0.5931151 0.051916692
0.27590406 0.8082272 -0.5931151 0.051916692
0.22398739 0.8082272 -0.5931151 0.051916692
0.22398739 0.8082272 -0.5411984 0.051916692
0.22398739 0.75631046 -0.5411984 0.051916692
0.27590406 0.75631046 -0.5411984 0.051916692
0.27590406 0.8082272 -0.5411984 0.051916692
-3.2284727 0.5226854 -0.72290677 0.20766677
-3.0208058 0.5226854 -0.72290677 0.20766677
-3.0208058 0.73035216 -0.72290677 0.20766677
-3.2284727 0.73035216 -0.72290677 0.20766677
-3.2284727 0.73035216 -0.5152401 0.20766677
-3.2284727 0.5226854 -0.5152401 0.20766677
-3.0208058 0.5226854 -0.5152401 0.20766677
-3.0208058 0.73035216 -0.5152401 0.20766677
-3.0727224 0.67843544 -0.7748235 0.103833385
-2.968889 0.67843544 -0.7748235 0.103833385
-2.968889 0.7822688 -0.7748235 0.103833385
-3.0727224 0.7822688 -0.7748235 0.103833385
-3.0727224 0.7822688 -0.6709901 0.103833385
-3.0727224 0.67843544 -0.6709901 0.103833385
-2.968889 0.67843544 -0.6709901 0.103833385
-2.968889 0.7822688 -0.6709901 0.103833385
-3.2803893 0.67843544 -0.7748235 0.103833385
-3.1765559 0.67843544 -0.7748235 0.103833385
-3.1765559 0.7822688 -0.7748235 0.103833385
-3.2803893 0.7822688 -0.7748235 0.103833385
-3.2803893 0.7822688 -0.6709901 0.103833385
-3.2803893 0.67843544 -0.6709901 0.103833385
-3.1765559 0.67843544 -0.6709901 0.103833385
-3.1765559 0.7822688 -0.6709901 0.103833385
-3.0986807 0.75631046 -0.80078185 0.051916692
-3.0467641 0.75631046 -0.80078185 0.051916692
-3.0467641 0.8082272 -0.80078185 0.051916692
-3.0986807 0.8082272 -0.80078185 0.051916692
-3.0986807 0.8082272 -0.7488651 0.051916692
-3.0986807 0.75631046 -0.7488651 0.051916692
-3.0467641 0.75631046 -0.7488651 0.051916692
-3.0467641 0.8082272 -0.7488651 0.051916692
-2.3978057 -0.3079816 -0.72290677 0.20766677
-2.1901388 -0.3079816 -0.72290677 0.20766677
-2.1901388 -0.10031484 -0.72290677 0.20766677
-2.3978057 -0.10031484 -0.72290677 0.20766677
-2.3978057 -0.10031484 -0.51524 0.20766677
-2.3978057 -0.3079816 -0.51524 0.20766677
-2.1901388 -0.3079816 -0.51524 0.20766677
-2.1901388 -0.10031484 -0.51524 0.20766677
-2.4497223 -0.3598983 -0.56715673 0.103833385
-2.3458889 -0.3598983 -0.56715673 0.103833385
-2.3458889 -0.25606492 -0.56715673 0.103833385
-2.4497223 -0.25606492 -0.56715673 0.103833385
-2.4497223 -0.25606492 -0.46332335 0.103833385
-2.4497223 -0.3598983 -0.46332335 0.103833385
-2.3458889 -0.3598983 -0.46332335 0.103833385
-2.3458889 -0.25606492 -0.46332335 0.103833385
-2.4756806 -0.38585666 -0.4892817 0.051916692
-2.423764 -0.38585666 -0.4892817 0.051916692
-2.423764 -0.33393997 -0.4892817 0.051916692
-2.4756806 -0.33393997 -0.4892817 0.051916692
-2.4756806 -0.33393997 -0.43736503 0.051916692
-2.4756806 -0.38585666 -0.43736503 0.051916692
-2.423764 -0.38585666 -0.43736503 0.051916692
-2.423764 -0.33393997 -0.43736503 0.051916692
-1.6060759 0.1722478 -0.19076072 0.025958346
-1.5801176 0.1722478 -0.19076072 0.025958346
-1.5801176 0.19820614 -0.19076072 0.025958346
-1.6060759 0.19820614 -0.19076072 0.025958346
-1.6060759 0.19820614 -0.16480237 0.025958346
-1.6060759 0.1722478 -0.16480237 0.025958346
-1.5801176 0.1722478 -0.16480237 0.025958346
-1.5801176 0.19820614 -0.16480237 0.025958346
0.26292488 0.79524803 -0.5541775 0.025958346
0.28888324 0.79524803 -0.5541775 0.025958346
0.28888324 0.8212064 -0.5541775 0.025958346
0.26292488 0.8212064 -0.5541775 0.025958346
0.26292488 0.8212064 -0.52821916 0.025958346
0.26292488 0.79524803 -0.52821916 0.025958346
0.28888324 0.79524803 -0.52821916 0.025958346
0.28888324 0.8212064 -0.52821916 0.025958346
-3.11166 0.7433313 -0.7618443 0.025958346
-3.0857017 0.7433313 -0.7618443 0.025958346
-3.0857017 0.7692897 -0.7618443 0.025958346
-3.11166 0.7692897 -0.7618443 0.025958346
-3.11166 0.7692897 -0.7358859 0.025958346
-3.11166 0.7433313 -0.7358859 0.025958346
-3.0857017 0.7433313 -0.7358859 0.025958346
-3.0857017 0.7692897 -0.7358859 0.025958346
1.9761759 -0.5026692 0.7956565 0.025958346
2.0021343 -0.5026692 0.7956565 0.025958346
2.0021343 -0.47671086 0.7956565 0.025958346
1.976176 -0.47671086 0.7956565 0.025958346
1.976176 -0.47671086 0.82161486 0.025958346
1.976176 -0.5026692 0.82161486 0.025958346
2.0021343 -0.5026692 0.82161486 0.025958346
2.0021343 -0.47671086 0.82161486 0.025958346
-0.5807213 0.6784354 -0.5671568 0.103833385
-0.47688794 0.6784354 -0.5671568 0.103833385
-0.47688794 0.78226876 -0.5671568 0.103833385
-0.5807213 0.78226876 -0.5671568 0.103833385
-0.5807213 0.78226876 -0.4633234 0.103833385
-0.5807213 0.6784354 -0.4633234 0.103833385
-0.47688794 0.6784354 -0.4633234 0.103833385
-0.47688794 0.78226876 -0.4633234 0.103833385
-0.7883881 0.47076866 -0.5671568 0.103833385
-0.6845547 0.47076866 -0.5671568 0.103833385
-0.6845547 0.57460207 -0.5671568 0.103833385
-0.7883881 0.57460207 -0.5671568 0.103833385
-0.7883881 0.57460207 -0.4633234 0.103833385
-0.7883881 0.4707687 -0.4633234 0.103833385
-0.6845547 0.4707687 -0.4633234 0.103833385
-0.6845547 0.57460207 -0.4633234 0.103833385
1.0806129 0.26310202 -0.35948998 0.103833385
1.1844463 0.26310202 -0.35948998 0.103833385
1.1844463 0.3669354 -0.35948998 0.103833385
1.0806129 0.3669354 -0.35948998 0.103833385
1.0806129 0.3669354 -0.2556566 0.103833385
1.0806129 0.26310202 -0.2556566 0.103833385
1.1844463 0.26310202 -0.2556566 0.103833385
1.1844463 0.3669354 -0.2556566 0.103833385
-0.71051306 0.5486437 -0.48928177 0.051916692
-0.65859634 0.5486437 -0.48928177 0.051916692
-0.65859634 0.6005604 -0.48928177 0.051916692
-0.71051306 0.6005604 -0.48928177 0.051916692
-0.71051306 0.6005604 -0.43736508 0.051916692
-0.71051306 0.5486437 -0.43736508 0.051916692
-0.65859634 0.5486437 -0.43736508 0.051916692
-0.65859634 0.6005604 -0.43736508 0.051916692
-0.6066797 0.652477 -0.48928177 0.051916692
-0.55476296 0.652477 -0.48928177 0.051916692
-0.55476296 0.70439374 -0.48928177 0.051916692
-0.6066797 0.70439374 -0.48928177 0.051916692
-0.6066797 0.70439374 -0.43736508 0.051916692
-0.6066797 0.652477 -0.43736508 0.051916692
-0.55476296 0.652477 -0.43736508 0.051916692
-0.55476296 0.70439374 -0.43736508 0.051916692
1.158488 0.34097704 -0.28161496 0.051916692
1.2104048 0.34097704 -0.28161496 0.051916692
1.2104048 0.39289373 -0.28161496 0.051916692
1.158488 0.39289373 -0.28161496 0.051916692
1.158488 0.39289373 -0.22969827 0.051916692
1.158488 0.34097704 -0.22969827 0.051916692
1.2104048 0.34097704 -0.22969827 0.051916692
1.2104048 0.39289373 -0.22969827 0.051916692
1.1974256 0.37991455 -0.24267745 0.025958346
1.2233839 0.37991455 -0.24267745 0.025958346
1.2233839 0.4058729 -0.24267745 0.025958346
1.1974256 0.4058729 -0.24267745 0.025958346
1.1974256 0.4058729 -0.2167191 0.025958346
1.1974256 0.37991455 -0.2167191 0.025958346
1.2233839 0.37991455 -0.2167191 0.025958346
1.2233839 0.4058729 -0.2167191 0.025958346
-1.8267221 -0.15223148 -0.1518232 0.103833385
-1.7228887 -0.15223148 -0.1518232 0.103833385
-1.7228887 -0.0483981 -0.1518232 0.103833385
-1.8267221 -0.0483981 -0.1518232 0.103833385
-1.8267221 -0.0483981 -0.047989808 0.103833385
-1.8267221 -0.15223148 -0.047989808 0.103833385
-1.7228887 -0.15223148 -0.047989808 0.103833385
-1.7228887 -0.0483981 -0.047989808 0.103833385
-1.748847 -0.074356444 -0.17778154 0.051916692
-1.6969303 -0.074356444 -0.17778154 0.051916692
-1.6969303 -0.022439752 -0.17778154 0.051916692
-1.748847 -0.022439752 -0.17778154 0.051916692
-1.748847 -0.022439752 -0.12586485 0.051916692
-1.748847 -0.074356444 -0.12586485 0.051916692
-1.6969303 -0.074356444 -0.12586485 0.051916692
-1.6969303 -0.022439752 -0.12586485 0.051916692
-2.0343888 0.47076866 0.6788439 0.103833385
-1.9305553 0.47076866 0.6788439 0.103833385
-1.9305553 0.57460207 0.6788439 0.103833385
-2.0343888 0.57460207 0.6788439 0.103833385
-2.0343888 0.57460207 0.7826773 0.103833385
-2.0343888 0.4707687 0.7826773 0.103833385
-1.9305553 0.4707687 0.7826773 0.103833385
-1.9305553 0.57460207 0.7826773 0.103833385
-2.0343888 0.6784354 0.4711772 0.103833385
-1.9305553 0.6784354 0.4711772 0.103833385
-1.9305553 0.78226876 0.4711772 0.103833385
-2.0343888 0.78226876 0.4711772 0.103833385
-2.0343888 0.78226876 0.5750106 0.103833385
-2.0343888 0.6784354 0.5750106 0.103833385
-1.9305553 0.6784354 0.5750106 0.103833385
-1.9305553 0.78226876 0.5750106 0.103833385
-1.6190552 -0.567565 0.4711772 0.103833385
-1.5152217 -0.567565 0.4711772 0.103833385
-1.5152217 -0.46373165 0.4711772 0.103833385
-1.6190552 -0.46373165 0.4711772 0.103833385
-1.6190552 -0.46373165 0.5750106 0.103833385
-1.6190552 -0.567565 0.5750106 0.103833385
-1.5152217 -0.567565 0.5750106 0.103833385
-1.5152217 -0.46373165 0.5750106 0.103833385
-1.4113884 -0.567565 0.4711772 0.103833385
-1.307555 -0.567565 0.4711772 0.103833385
-1.307555 -0.46373165 0.4711772 0.103833385
-1.4113884 -0.46373165 0.4711772 0.103833385
-1.4113884 -0.46373165 0.5750106 0.103833385
-1.4113884 -0.567565 0.5750106 0.103833385
-1.307555 -0.567565 0.5750106 0.103833385
-1.307555 -0.46373165 0.5750106 0.103833385
-1.4113884 -0.567565 0.6788439 0.103833385
-1.307555 -0.567565 0.6788439 0.103833385
-1.307555 -0.46373165 0.6788439 0.103833385
-1.4113884 -0.46373165 0.6788439 0.103833385
-1.4113884 -0.46373165 0.7826773 0.103833385
-1.4113884 -0.567565 0.7826773 0.103833385
-1.307555 -0.567565 0.7826773 0.103833385
-1.307555 -0.46373165 0.7826773 0.103833385
-1.6190552 -0.7752319 0.6788439 0.103833385
-1.5152217 -0.7752319 0.6788439 0.103833385
-1.5152217 -0.6713985 0.6788439 0.103833385
-1.6190552 -0.6713985 0.6788439 0.103833385
-1.6190552 -0.6713985 0.7826773 0.103833385
-1.6190552 -0.7752319 0.7826773 0.103833385
-1.5152217 -0.7752319 0.7826773 0.103833385
-1.5152217 -0.6713985 0.7826773 0.103833385
-1.4373467 -0.48969 0.65288556 0.051916692
-1.38543 -0.48969 0.65288556 0.051916692
-1.38543 -0.43777332 0.65288556 0.051916692
-1.4373467 -0.43777332 0.65288556 0.051916692
-1.4373467 -0.43777332 0.7048023 0.051916692
-1.4373467 -0.48969 0.7048023 0.051916692
-1.38543 -0.48969 0.7048023 0.051916692
-1.38543 -0.43777332 0.7048023 0.051916692
-1.54118 -0.6973569 0.65288556 0.051916692
-1.4892633 -0.6973569 0.65288556 0.051916692
-1.4892633 -0.64544016 0.65288556 0.051916692
-1.54118 -0.64544016 0.65288556 0.051916692
-1.54118 -0.64544016 0.7048023 0.051916692
-1.54118 -0.6973569 0.7048023 0.051916692
-1.4892633 -0.6973569 0.7048023 0.051916692
-1.4892633 -0.64544016 0.7048023 0.051916692
-1.4373467 -0.5935234 0.54905224 0.051916692
-1.38543 -0.5935234 0.54905224 0.051916692
-1.38543 -0.54160666 0.54905224 0.051916692
-1.4373467 -0.54160666 0.54905224 0.051916692
-1.4373467 -0.54160666 0.60096896 0.051916692
-1.4373467 -0.5935234 0.60096896 0.051916692
-1.38543 -0.5935234 0.60096896 0.051916692
-1.38543 -0.54160666 0.60096896 0.051916692
-1.1518049 -0.3079816 0.5230939 0.20766677
-0.94413817 -0.3079816 0.5230939 0.20766677
-0.94413817 -0.10031484 0.5230939 0.20766677
-1.1518049 -0.10031484 0.5230939 0.20766677
-1.1518049 -0.10031484 0.73076063 0.20766677
-1.1518049 -0.3079816 0.73076063 0.20766677
-0.94413817 -0.3079816 0.73076063 0.20766677
-0.94413817 -0.10031484 0.73076063 0.20766677
-0.9960549 -0.15223153 0.6788439 0.103833385
-0.8922215 -0.15223153 0.6788439 0.103833385
-0.8922215 -0.048398145 0.6788439 0.103833385
-0.9960549 -0.048398145 0.6788439 0.103833385
-0.9960549 -0.048398145 0.7826773 0.103833385
-0.9960549 -0.15223153 0.7826773 0.103833385
-0.8922215 -0.15223153 0.7826773 0.103833385
-0.8922215 -0.048398145 0.7826773 0.103833385
-0.91817987 -0.07435649 0.65288556 0.051916692
-0.86626315 -0.07435649 0.65288556 0.051916692
-0.86626315 -0.022439796 0.65288556 0.051916692
-0.91817987 -0.022439796 0.65288556 0.051916692
-0.91817987 -0.022439796 0.7048023 0.051916692
-0.91817987 -0.07435649 0.7048023 0.051916692
-0.86626315 -0.07435649 0.7048023 0.051916692
-0.86626315 -0.022439796 0.7048023 0.051916692
-0.931159 -0.08733566 0.6918231 0.025958346
-0.90520066 -0.08733566 0.6918231 0.025958346
-0.90520066 -0.061377317 0.6918231 0.025958346
-0.931159 -0.061377317 0.6918231 0.025958346
-0.931159 -0.061377317 0.7177815 0.025958346
-0.931159 -0.08733566 0.7177815 0.025958346
-0.90520066 -0.08733566 0.7177815 0.025958346
-0.90520066 -0.061377317 0.7177815 0.025958346
1.3661547 0.75631046 -0.28161496 0.051916692
1.4180714 0.75631046 -0.28161496 0.051916692
1.4180714 0.8082272 -0.28161496 0.051916692
1.3661547 0.8082272 -0.28161496 0.051916692
1.3661547 0.8082272 -0.22969827 0.051916692
1.3661547 0.75631046 -0.22969827 0.051916692
1.4180714 0.75631046 -0.22969827 0.051916692
1.4180714 0.8082272 -0.22969827 0.051916692
1.9112799 -0.15223148 0.055843588 0.103833385
2.0151134 -0.15223148 0.055843588 0.103833385
2.0151134 -0.0483981 0.055843588 0.103833385
1.9112799 -0.0483981 0.055843588 0.103833385
1.9112799 -0.0483981 0.15967697 0.103833385
1.9112799 -0.15223148 0.15967697 0.103833385
2.0151134 -0.15223148 0.15967697 0.103833385
2.0151134 -0.0483981 0.15967697 0.103833385
-1.4113884 -0.15223148 0.26351035 0.103833385
-1.307555 -0.15223148 0.26351035 0.103833385
-1.307555 -0.0483981 0.26351035 0.103833385
-1.4113884 -0.0483981 0.26351035 0.103833385
-1.4113884 -0.0483981 0.36734372 0.103833385
-1.4113884 -0.15223148 0.36734372 0.103833385
-1.307555 -0.15223148 0.36734372 0.103833385
-1.307555 -0.0483981 0.36734372 0.103833385
-1.4113884 -0.15223148 0.055843588 0.103833385
-1.307555 -0.15223148 0.055843588 0.103833385
-1.307555 -0.0483981 0.055843588 0.103833385
-1.4113884 -0.0483981 0.055843588 0.103833385
-1.4113884 -0.0483981 0.15967697 0.103833385
-1.4113884 -0.15223148 0.15967697 0.103833385
-1.307555 -0.15223148 0.15967697 0.103833385
-1.307555 -0.0483981 0.15967697 0.103833385
-1.1518049 0.5226854 -0.3075733 0.20766677
-0.94413817 0.5226854 -0.3075733 0.20766677
-0.94413817 0.73035216 -0.3075733 0.20766677
-1.1518049 0.73035216 -0.3075733 0.20766677
-1.1518049 0.73035216 -0.09990652 0.20766677
-1.1518049 0.5226854 -0.09990652 0.20766677
-0.94413817 0.5226854 -0.09990652 0.20766677
-0.94413817 0.73035216 -0.09990652 0.20766677
-1.2037216 0.67843544 -0.35948998 0.103833385
-1.0998882 0.67843544 -0.35948998 0.103833385
-1.0998882 0.7822688 -0.35948998 0.103833385
-1.2037216 0.7822688 -0.35948998 0.103833385
-1.2037216 0.7822688 -0.2556566 0.103833385
-1.2037216 0.67843544 -0.2556566 0.103833385
-1.0998882 0.67843544 -0.2556566 0.103833385
-1.0998882 0.7822688 -0.2556566 0.103833385
-0.9960549 0.67843544 -0.35948998 0.103833385
-0.8922215 0.67843544 -0.35948998 0.103833385
-0.8922215 0.7822688 -0.35948998 0.103833385
-0.9960549 0.7822688 -0.35948998 0.103833385
-0.9960549 0.7822688 -0.2556566 0.103833385
-0.9960549 0.67843544 -0.2556566 0.103833385
-0.8922215 0.67843544 -0.2556566 0.103833385
-0.8922215 0.7822688 -0.2556566 0.103833385
-0.9960549 0.67843544 -0.15182321 0.103833385
-0.8922215 0.67843544 -0.15182321 0.103833385
-0.8922215 0.7822688 -0.15182321 0.103833385
-0.9960549 0.7822688 -0.15182321 0.103833385
-0.9960549 0.7822688 -0.047989823 0.103833385
-0.9960549 0.67843544 -0.047989823 0.103833385
-0.8922215 0.67843544 -0.047989823 0.103833385
-0.8922215 0.7822688 -0.047989823 0.103833385
-1.6190552 0.26310202 -0.35948998 0.103833385
-1.5152217 0.26310202 -0.35948998 0.103833385
-1.5152217 0.3669354 -0.35948998 0.103833385
-1.6190552 0.3669354 -0.35948998 0.103833385
-1.6190552 0.3669354 -0.2556566 0.103833385
-1.6190552 0.26310202 -0.2556566 0.103833385
-1.5152217 0.26310202 -0.2556566 0.103833385
-1.5152217 0.3669354 -0.2556566 0.103833385
-1.8267221 -0.15223148 -0.35948998 0.103833385
-1.7228887 -0.15223148 -0.35948998 0.103833385
-1.7228887 -0.0483981 -0.35948998 0.103833385
-1.8267221 -0.0483981 -0.35948998 0.103833385
-1.8267221 -0.0483981 -0.2556566 0.103833385
-1.8267221 -0.15223148 -0.2556566 0.103833385
-1.7228887 -0.15223148 -0.2556566 0.103833385
-1.7228887 -0.0483981 -0.2556566 0.103833385
-1.9824722 -0.3079816 -0.72290677 0.20766677
-1.7748054 -0.3079816 -0.72290677 0.20766677
-1.7748054 -0.10031484 -0.72290677 0.20766677
-1.9824722 -0.10031484 -0.72290677 0.20766677
-1.9824722 -0.10031484 -0.51524 0.20766677
-1.9824722 -0.3079816 -0.51524 0.20766677
-1.7748054 -0.3079816 -0.51524 0.20766677
-1.7748054 -0.10031484 -0.51524 0.20766677
-1.8267221 -0.15223153 -0.56715673 0.103833385
-1.7228887 -0.15223153 -0.56715673 0.103833385
-1.7228887 -0.048398145 -0.56715673 0.103833385
-1.8267221 -0.048398145 -0.56715673 0.103833385
-1.8267221 -0.048398145 -0.46332335 0.103833385
-1.8267221 -0.15223153 -0.46332335 0.103833385
-1.7228887 -0.15223153 -0.46332335 0.103833385
-1.7228887 -0.048398145 -0.46332335 0.103833385
-2.0343888 -0.15223153 -0.7748235 0.103833385
-1.9305553 -0.15223153 -0.7748235 0.103833385
-1.9305553 -0.048398145 -0.7748235 0.103833385
-2.0343888 -0.048398145 -0.7748235 0.103833385
-2.0343888 -0.048398145 -0.6709901 0.103833385
-2.0343888 -0.15223153 -0.6709901 0.103833385
-1.9305553 -0.15223153 -0.6709901 0.103833385
-1.9305553 -0.048398145 -0.6709901 0.103833385
-2.4497223 -0.15223153 -0.7748235 0.103833385
-2.3458889 -0.15223153 -0.7748235 0.103833385
-2.3458889 -0.048398145 -0.7748235 0.103833385
-2.4497223 -0.048398145 -0.7748235 0.103833385
-2.4497223 -0.048398145 -0.6709901 0.103833385
-2.4497223 -0.15223153 -0.6709901 0.103833385
-2.3458889 -0.15223153 -0.6709901 0.103833385
-2.3458889 -0.048398145 -0.6709901 0.103833385
-2.8131392 0.5226854 -0.72290677 0.20766677
-2.6054723 0.5226854 -0.72290677 0.20766677
-2.6054723 0.73035216 -0.72290677 0.20766677
-2.8131392 0.73035216 -0.72290677 0.20766677
-2.8131392 0.73035216 -0.51524 0.20766677
-2.8131392 0.5226854 -0.51524 0.20766677
-2.6054723 0.5226854 -0.51524 0.20766677
-2.6054723 0.73035216 -0.51524 0.20766677
-2.657389 0.67843544 -0.7748235 0.103833385
-2.5535555 0.67843544 -0.7748235 0.103833385
-2.5535555 0.7822688 -0.7748235 0.103833385
-2.657389 0.7822688 -0.7748235 0.103833385
-2.657389 0.7822688 -0.6709901 0.103833385
-2.657389 0.67843544 -0.6709901 0.103833385
-2.5535555 0.67843544 -0.6709901 0.103833385
-2.5535555 0.7822688 -0.6709901 0.103833385
-2.5795138 0.75631046 -0.69694847 0.051916692
-2.5275972 0.75631046 -0.69694847 0.051916692
-2.5275972 0.8082272 -0.69694847 0.051916692
-2.5795138 0.8082272 -0.69694847 0.051916692
-2.5795138 0.8082272 -0.64503175 0.051916692
-2.5795138 0.75631046 -0.64503175 0.051916692
-2.5275972 0.75631046 -0.64503175 0.051916692
-2.5275972 0.8082272 -0.64503175 0.051916692
-2.5405765 0.79524803 -0.7099276 0.025958346
-2.5146182 0.79524803 -0.7099276 0.025958346
-2.5146182 0.8212064 -0.7099276 0.025958346
-2.5405765 0.8212064 -0.7099276 0.025958346
-2.5405765 0.8212064 -0.68396926 0.025958346
-2.5405765 0.79524803 -0.68396926 0.025958346
-2.5146182 0.79524803 -0.68396926 0.025958346
-2.5146182 0.8212064 -0.68396926 0.025958346
2.69003 0.21118538 0.21159364 0.41533354
3.1053636 0.21118538 0.21159364 0.41533354
3.1053636 0.6265189 0.21159364 0.41533354
2.69003 0.6265189 0.21159364 0.41533354
2.69003 0.6265189 0.6269272 0.41533354
2.69003 0.21118537 0.6269272 0.41533354
3.1053636 0.21118537 0.6269272 0.41533354
3.1053636 0.6265189 0.6269272 0.41533354
3.0015302 0.5226855 0.10776026 0.20766677
3.209197 0.5226855 0.10776026 0.20766677
3.209197 0.7303523 0.10776026 0.20766677
3.0015302 0.7303523 0.10776026 0.20766677
3.0015302 0.7303523 0.31542704 0.20766677
3.0015302 0.5226855 0.31542704 0.20766677
3.209197 0.5226855 0.31542704 0.20766677
3.209197 0.7303523 0.31542704 0.20766677
-1.9565136 0.7563104 0.54905224 0.051916692
-1.9045969 0.7563104 0.54905224 0.051916692
-1.9045969 0.8082271 0.54905224 0.051916692
-1.9565136 0.8082271 0.54905224 0.051916692
-1.9565136 0.8082271 0.60096896 0.051916692
-1.9565136 0.7563104 0.60096896 0.051916692
-1.9045969 0.7563104 0.60096896 0.051916692
-1.9045969 0.8082271 0.60096896 0.051916692
-2.8131392 0.5226854 -0.3075733 0.20766677
-2.6054723 0.5226854 -0.3075733 0.20766677
-2.6054723 0.73035216 -0.3075733 0.20766677
-2.8131392 0.73035216 -0.3075733 0.20766677
-2.8131392 0.73035216 -0.09990652 0.20766677
-2.8131392 0.5226854 -0.09990652 0.20766677
-2.6054723 0.5226854 -0.09990652 0.20766677
-2.6054723 0.73035216 -0.09990652 0.20766677
-2.657389 0.67843544 -0.35948998 0.103833385
-2.5535555 0.67843544 -0.35948998 0.103833385
-2.5535555 0.7822688 -0.35948998 0.103833385
-2.657389 0.7822688 -0.35948998 0.103833385
-2.657389 0.7822688 -0.2556566 0.103833385
-2.657389 0.67843544 -0.2556566 0.103833385
-2.5535555 0.67843544 -0.2556566 0.103833385
-2.5535555 0.7822688 -0.2556566 0.103833385
-2.5795138 0.75631046 -0.38544834 0.051916692
-2.5275972 0.75631046 -0.38544834 0.051916692
-2.5275972 0.8082272 -0.38544834 0.051916692
-2.5795138 0.8082272 -0.38544834 0.051916692
-2.5795138 0.8082272 -0.33353165 0.051916692
-2.5795138 0.75631046 -0.33353165 0.051916692
-2.5275972 0.75631046 -0.33353165 0.051916692
-2.5275972 0.8082272 -0.33353165 0.051916692
-2.5795138 0.75631046 -0.38544834 0.051916692
-2.5275972 0.75631046 -0.38544834 0.051916692
-2.5275972 0.8082272 -0.38544834 0.051916692
-2.5795138 0.8082272 -0.38544834 0.051916692
-2.5795138 0.8082272 -0.33353165 0.051916692
-2.5795138 0.75631046 -0.33353165 0.051916692
-2.5275972 0.75631046 -0.33353165 0.051916692
-2.5275972 0.8082272 -0.33353165 0.051916692
-1.6450135 0.23714368 -0.28161496 0.051916692
-1.5930967 0.23714368 -0.28161496 0.051916692
-1.5930967 0.28906038 -0.28161496 0.051916692
-1.6450135 0.28906038 -0.28161496 0.051916692
-1.6450135 0.28906038 -0.22969827 0.051916692
-1.6450135 0.2371437 -0.22969827 0.051916692
-1.5930967 0.2371437 -0.22969827 0.051916692
-1.5930967 0.28906038 -0.22969827 0.051916692
-1.748847 -0.074356444 -0.28161496 0.051916692
-1.6969303 -0.074356444 -0.28161496 0.051916692
-1.6969303 -0.022439752 -0.28161496 0.051916692
-1.748847 -0.022439752 -0.28161496 0.051916692
-1.748847 -0.022439752 -0.22969827 0.051916692
-1.748847 -0.074356444 -0.22969827 0.051916692
-1.6969303 -0.074356444 -0.22969827 0.051916692
-1.6969303 -0.022439752 -0.22969827 0.051916692
-1.6450135 0.34097704 -0.38544834 0.051916692
-1.5930967 0.34097704 -0.38544834 0.051916692
-1.5930967 0.39289373 -0.38544834 0.051916692
-1.6450135 0.39289373 -0.38544834 0.051916692
-1.6450135 0.39289373 -0.33353165 0.051916692
-1.6450135 0.34097704 -0.33353165 0.051916692
-1.5930967 0.34097704 -0.33353165 0.051916692
-1.5930967 0.39289373 -0.33353165 0.051916692
-1.7099094 -0.035418924 -0.19076072 0.025958346
-1.6839511 -0.035418924 -0.19076072 0.025958346
-1.6839511 -0.009460578 -0.19076072 0.025958346
-1.7099094 -0.009460578 -0.19076072 0.025958346
-1.7099094 -0.009460578 -0.16480237 0.025958346
-1.7099094 -0.035418924 -0.16480237 0.025958346
-1.6839511 -0.035418924 -0.16480237 0.025958346
-1.6839511 -0.009460578 -0.16480237 0.025958346
-2.4497223 -0.567565 -0.35948998 0.103833385
-2.3458889 -0.567565 -0.35948998 0.103833385
-2.3458889 -0.46373165 -0.35948998 0.103833385
-2.4497223 -0.46373165 -0.35948998 0.103833385
-2.4497223 -0.46373165 -0.2556566 0.103833385
-2.4497223 -0.567565 -0.2556566 0.103833385
-2.3458889 -0.567565 -0.2556566 0.103833385
-2.3458889 -0.46373165 -0.2556566 0.103833385
-2.3718472 -0.48969 -0.38544834 0.051916692
-2.3199306 -0.48969 -0.38544834 0.051916692
-2.3199306 -0.43777332 -0.38544834 0.051916692
-2.3718472 -0.43777332 -0.38544834 0.051916692
-2.3718472 -0.43777332 -0.33353165 0.051916692
-2.3718472 -0.48969 -0.33353165 0.051916692
-2.3199306 -0.48969 -0.33353165 0.051916692
-2.3199306 -0.43777332 -0.33353165 0.051916692
-2.3848264 -0.4507525 -0.39842752 0.025958346
-2.3588681 -0.4507525 -0.39842752 0.025958346
-2.3588681 -0.42479414 -0.39842752 0.025958346
-2.3848264 -0.42479414 -0.39842752 0.025958346
-2.3848264 -0.42479414 -0.37246916 0.025958346
-2.3848264 -0.4507525 -0.37246916 0.025958346
-2.3588681 -0.4507525 -0.37246916 0.025958346
-2.3588681 -0.42479414 -0.37246916 0.025958346
0.22398737 0.652477 -0.48928177 0.051916692
0.27590406 0.652477 -0.48928177 0.051916692
0.27590406 0.70439374 -0.48928177 0.051916692
0.22398737 0.70439374 -0.48928177 0.051916692
0.22398737 0.70439374 -0.43736508 0.051916692
0.22398737 0.652477 -0.43736508 0.051916692
0.27590406 0.652477 -0.43736508 0.051916692
0.27590406 0.70439374 -0.43736508 0.051916692
0.2499457 0.26310202 -0.35948998 0.103833385
0.35377908 0.26310202 -0.35948998 0.103833385
0.35377908 0.3669354 -0.35948998 0.103833385
0.2499457 0.3669354 -0.35948998 0.103833385
0.2499457 0.3669354 -0.2556566 0.103833385
0.2499457 0.26310202 -0.2556566 0.103833385
0.35377908 0.26310202 -0.2556566 0.103833385
0.35377908 0.3669354 -0.2556566 0.103833385
0.22398736 0.34097704 -0.38544834 0.051916692
0.27590406 0.34097704 -0.38544834 0.051916692
0.27590406 0.39289373 -0.38544834 0.051916692
0.22398737 0.39289373 -0.38544834 0.051916692
0.22398737 0.39289373 -0.33353165 0.051916692
0.22398737 0.34097704 -0.33353165 0.051916692
0.27590406 0.34097704 -0.33353165 0.051916692
0.27590406 0.39289373 -0.33353165 0.051916692
-3.2025142 0.75631046 -0.80078185 0.051916692
-3.1505976 0.75631046 -0.80078185 0.051916692
-3.1505976 0.8082272 -0.80078185 0.051916692
-3.2025142 0.8082272 -0.80078185 0.051916692
-3.2025142 0.8082272 -0.7488651 0.051916692
-3.2025142 0.75631046 -0.7488651 0.051916692
-3.1505976 0.75631046 -0.7488651 0.051916692
-3.1505976 0.8082272 -0.7488651 0.051916692
1.0286962 0.21118538 0.21159364 0.41533354
1.4440297 0.21118538 0.21159364 0.41533354
1.4440297 0.6265189 0.21159364 0.41533354
1.0286962 0.6265189 0.21159364 0.41533354
1.0286962 0.6265189 0.6269272 0.41533354
1.0286962 0.21118537 0.6269272 0.41533354
1.4440297 0.21118537 0.6269272 0.41533354
1.4440297 0.6265189 0.6269272 0.41533354
0.9248628 0.5226855 0.10776026 0.20766677
1.1325296 0.5226855 0.10776026 0.20766677
1.1325296 0.7303523 0.10776026 0.20766677
0.92486286 0.7303523 0.10776026 0.20766677
0.92486286 0.7303523 0.31542704 0.20766677
0.92486286 0.5226855 0.31542704 0.20766677
1.1325296 0.5226855 0.31542704 0.20766677
1.1325296 0.7303523 0.31542704 0.20766677
-0.73647135 0.10735189 0.5230939 0.20766677
-0.5288046 0.10735189 0.5230939 0.20766677
-0.5288046 0.31501865 0.5230939 0.20766677
-0.73647135 0.31501865 0.5230939 0.20766677
-0.73647135 0.31501865 0.73076063 0.20766677
-0.73647135 0.107351884 0.73076063 0.20766677
-0.5288046 0.107351884 0.73076063 0.20766677
-0.5288046 0.31501865 0.73076063 0.20766677
-0.5807213 0.26310197 0.6788439 0.103833385
-0.47688794 0.26310197 0.6788439 0.103833385
-0.47688794 0.36693534 0.6788439 0.103833385
-0.5807213 0.36693534 0.6788439 0.103833385
-0.5807213 0.36693534 0.7826773 0.103833385
-0.5807213 0.26310197 0.7826773 0.103833385
-0.47688794 0.26310197 0.7826773 0.103833385
-0.47688794 0.36693534 0.7826773 0.103833385
1.9112799 -0.15223148 0.26351035 0.103833385
2.0151134 -0.15223148 0.26351035 0.103833385
2.0151134 -0.0483981 0.26351035 0.103833385
1.9112799 -0.0483981 0.26351035 0.103833385
1.9112799 -0.0483981 0.36734372 0.103833385
1.9112799 -0.15223148 0.36734372 0.103833385
2.0151134 -0.15223148 0.36734372 0.103833385
2.0151134 -0.0483981 0.36734372 0.103833385
1.9112799 0.26310202 -0.1518232 0.103833385
2.0151134 0.26310202 -0.1518232 0.103833385
2.0151134 0.3669354 -0.1518232 0.103833385
1.9112799 0.3669354 -0.1518232 0.103833385
1.9112799 0.3669354 -0.047989808 0.103833385
1.9112799 0.26310202 -0.047989808 0.103833385
2.0151134 0.26310202 -0.047989808 0.103833385
2.0151134 0.3669354 -0.047989808 0.103833385
1.9112799 0.26310202 -0.35948998 0.103833385
2.0151134 0.26310202 -0.35948998 0.103833385
2.0151134 0.3669354 -0.35948998 0.103833385
1.9112799 0.3669354 -0.35948998 0.103833385
1.9112799 0.3669354 -0.2556566 0.103833385
1.9112799 0.26310202 -0.2556566 0.103833385
2.0151134 0.26310202 -0.2556566 0.103833385
2.0151134 0.3669354 -0.2556566 0.103833385
1.9112799 0.6784354 -0.5671568 0.103833385
2.0151134 0.6784354 -0.5671568 0.103833385
2.0151134 0.78226876 -0.5671568 0.103833385
1.9112799 0.78226876 -0.5671568 0.103833385
